# config: ngal=20000 m_lim=19.0 z in [0.05,0.5] kcorr=[2.0, -1.0]

## Delta DM(z; Theta) - DM(z; fid)  [mag, H0=100]
corner                    0.01     0.02     0.05      0.1     0.15      0.2      0.3      0.4      0.5      0.7        1
fiducial                 0.000    0.000    0.000    0.000    0.000    0.000    0.000    0.000    0.000    0.000    0.000
Om0_lo                   0.002    0.003    0.008    0.016    0.025    0.033    0.049    0.064    0.079    0.106    0.140
Om0_hi                  -0.002   -0.003   -0.008   -0.016   -0.024   -0.031   -0.046   -0.059   -0.071   -0.092   -0.117
w0_lo                    0.011    0.022    0.053    0.099    0.138    0.171    0.222    0.254    0.274    0.290    0.286
w0_hi                   -0.011   -0.022   -0.054   -0.104   -0.151   -0.193   -0.270   -0.336   -0.393   -0.486   -0.588
wa_lo                    0.000    0.000    0.002    0.006    0.013    0.021    0.039    0.058    0.075    0.101    0.122
wa_hi                   -0.000   -0.000   -0.002   -0.006   -0.013   -0.021   -0.041   -0.062   -0.084   -0.126   -0.181
Om0lo_w0lo_walo          0.015    0.029    0.072    0.141    0.206    0.266    0.369    0.448    0.506    0.573    0.609
Om0lo_w0lo_wahi          0.015    0.028    0.068    0.126    0.177    0.220    0.287    0.335    0.370    0.411    0.438
Om0hi_w0hi_walo         -0.011   -0.022   -0.053   -0.099   -0.139   -0.174   -0.230   -0.273   -0.306   -0.347   -0.375
Om0hi_w0hi_wahi         -0.012   -0.023   -0.056   -0.110   -0.163   -0.214   -0.311   -0.402   -0.487   -0.643   -0.845
Om0lo_w0hi_wahi         -0.012   -0.023   -0.056   -0.112   -0.167   -0.220   -0.324   -0.422   -0.515   -0.686   -0.907
Om0hi_w0lo_walo          0.008    0.016    0.038    0.071    0.098    0.120    0.150    0.165    0.168    0.156    0.123
docstring_Om0_0.25       0.001    0.002    0.005    0.009    0.014    0.019    0.028    0.036    0.044    0.059    0.077
docstring_Om0_0.40      -0.002   -0.003   -0.007   -0.015   -0.022   -0.029   -0.042   -0.055   -0.066   -0.086   -0.109
docstring_w0_-0.8       -0.002   -0.004   -0.011   -0.020   -0.029   -0.037   -0.051   -0.061   -0.070   -0.082   -0.091
docstring_w0_-1.2        0.002    0.004    0.011    0.020    0.029    0.036    0.049    0.058    0.065    0.073    0.077
realistic_Om0_+0.02     -0.000   -0.001   -0.002   -0.003   -0.005   -0.006   -0.009   -0.012   -0.015   -0.019   -0.025
realistic_w0_-0.9       -0.001   -0.002   -0.005   -0.010   -0.015   -0.018   -0.025   -0.030   -0.034   -0.040   -0.044
realistic_w0_-0.9_wa_-0.5  -0.001   -0.002   -0.005   -0.009   -0.011   -0.013   -0.015   -0.015   -0.014   -0.010   -0.005

### docstring cross-check
  Om0_0.25_to_0.40@z=0.05          -0.0122 mag
  Om0_0.25_to_0.40@z=0.5           -0.1103 mag
  w0_-0.8_to_-1.2@z=0.05           +0.0214 mag
  w0_-0.8_to_-1.2@z=0.5            +0.1344 mag

### spread of Delta DM over z in [0.05, 0.5]
corner                      min      max      ptp
fiducial                 0.0000   0.0000   0.0000
Om0_lo                   0.0082   0.0789   0.0707
Om0_hi                  -0.0711  -0.0081   0.0630
w0_lo                    0.0529   0.2745   0.2215
w0_hi                   -0.3931  -0.0543   0.3389
wa_lo                    0.0017   0.0746   0.0729
wa_hi                   -0.0837  -0.0017   0.0820
Om0lo_w0lo_walo          0.0718   0.5057   0.4339
Om0lo_w0lo_wahi          0.0678   0.3695   0.3017
Om0hi_w0hi_walo         -0.3055  -0.0527   0.2528
Om0hi_w0hi_wahi         -0.4871  -0.0558   0.4314
Om0lo_w0hi_wahi         -0.5151  -0.0563   0.4588
Om0hi_w0lo_walo          0.0379   0.1680   0.1302
docstring_Om0_0.25       0.0047   0.0443   0.0396
docstring_Om0_0.40      -0.0660  -0.0075   0.0585
docstring_w0_-0.8       -0.0697  -0.0107   0.0590
docstring_w0_-1.2        0.0107   0.0647   0.0540
realistic_Om0_+0.02     -0.0148  -0.0016   0.0131
realistic_w0_-0.9       -0.0343  -0.0054   0.0289
realistic_w0_-0.9_wa_-0.5  -0.0151  -0.0049   0.0101

## refit: n_gal=20000 M0hat_fid=-20.48601 sigma_fid=0.90217
   Laplace sd: M0hat 0.01388 mag, sigma_M 0.00615 mag
   fit-sample z: mean 0.2088 median 0.2004 p10 0.1096 p90 0.3194

corner                    dM0hat    dsigma  <dDM>fit  dM0+<dDM>    dM0/sd
fiducial                 +0.0000   +0.0000   +0.0000    +0.0000      +0.0
Om0_lo                   -0.0183   +0.0053   +0.0340    +0.0157      -1.3
Om0_hi                   +0.0180   -0.0049   -0.0323    -0.0142      +1.3
w0_lo                    -0.1089   +0.0210   +0.1697    +0.0609      -7.8
w0_hi                    +0.1185   -0.0271   -0.1966    -0.0781      +8.5
wa_lo                    -0.0077   +0.0053   +0.0233    +0.0157      -0.6
wa_hi                    +0.0077   -0.0055   -0.0241    -0.0164      +0.6
Om0lo_w0lo_walo          -0.1545   +0.0386   +0.2682    +0.1136     -11.1
Om0lo_w0lo_wahi          -0.1383   +0.0275   +0.2184    +0.0801     -10.0
Om0hi_w0hi_walo          +0.1110   -0.0218   -0.1736    -0.0625      +8.0
Om0hi_w0hi_wahi          +0.1261   -0.0325   -0.2203    -0.0941      +9.1
Om0lo_w0hi_wahi          +0.1287   -0.0342   -0.2279    -0.0991      +9.3
Om0hi_w0lo_walo          -0.0783   +0.0137   +0.1176    +0.0393      -5.6
docstring_Om0_0.25       -0.0105   +0.0030   +0.0193    +0.0088      -0.8
docstring_Om0_0.40       +0.0167   -0.0045   -0.0299    -0.0132      +1.2
docstring_w0_-0.8        +0.0229   -0.0050   -0.0374    -0.0145      +1.6
docstring_w0_-1.2        -0.0225   +0.0048   +0.0363    +0.0138      -1.6
realistic_Om0_+0.02      +0.0036   -0.0010   -0.0066    -0.0030      +0.3
realistic_w0_-0.9        +0.0114   -0.0025   -0.0186    -0.0072      +0.8
realistic_w0_-0.9_wa_-0.5   +0.0095   -0.0011   -0.0125    -0.0031      +0.7

## C_sel error from the stale anchor (model - re-anchored)
corner                    dM0hat   max|dC|   z@max   C_mod   C_cor miss_frac_err
fiducial                 +0.0000    0.0000   0.050  0.9999  0.9999      +0.00000
Om0_lo                   -0.0183    0.0084   0.213  0.3869  0.3953      +0.00482
Om0_hi                   +0.0180    0.0083   0.215  0.4035  0.3953      -0.00495
w0_lo                    -0.1089    0.0484   0.199  0.4062  0.4547      +0.02614
w0_hi                    +0.1185    0.0545   0.222  0.4431  0.3886      -0.03599
wa_lo                    -0.0077    0.0040   0.229  0.3089  0.3129      +0.00221
wa_hi                    +0.0077    0.0041   0.233  0.3082  0.3041      -0.00238
Om0lo_w0lo_walo          -0.1545    0.0688   0.199  0.3665  0.4353      +0.03503
Om0lo_w0lo_wahi          -0.1383    0.0613   0.197  0.3999  0.4612      +0.03235
Om0hi_w0hi_walo          +0.1110    0.0506   0.220  0.4446  0.3940      -0.03247
Om0hi_w0hi_wahi          +0.1261    0.0585   0.226  0.4311  0.3725      -0.03987
Om0lo_w0hi_wahi          +0.1287    0.0599   0.226  0.4346  0.3747      -0.04120
Om0hi_w0lo_walo          -0.0783    0.0349   0.202  0.4145  0.4493      +0.01933
docstring_Om0_0.25       -0.0105    0.0048   0.213  0.3933  0.3981      +0.00279
docstring_Om0_0.40       +0.0167    0.0077   0.215  0.4025  0.3948      -0.00458
docstring_w0_-0.8        +0.0229    0.0104   0.213  0.4185  0.4082      -0.00621
docstring_w0_-1.2        -0.0225    0.0101   0.208  0.4112  0.4214      +0.00582
realistic_Om0_+0.02      +0.0036    0.0017   0.213  0.4046  0.4030      -0.00098
realistic_w0_-0.9        +0.0114    0.0052   0.211  0.4228  0.4176      -0.00305
realistic_w0_-0.9_wa_-0.5   +0.0095    0.0042   0.204  0.4597  0.4554      -0.00245
